       N       E                     dE             d eps       ncg     rms          rms(c)
DAV:   1    -0.557215018863E+01   -0.55722E+01   -0.33447E+03 57816   0.168E+02
DAV:   2    -0.110423682611E+02   -0.54702E+01   -0.54140E+01 86292   0.158E+01
DAV:   3    -0.110478461108E+02   -0.54778E-02   -0.54779E-02 57708   0.664E-01
DAV:   4    -0.110478492184E+02   -0.31077E-05   -0.31072E-05112500   0.159E-02
DAV:   5    -0.110478492185E+02   -0.54570E-11   -0.54511E-11 57744   0.158E-05
RMM:   6    -0.110478492185E+02    0.00000E+00    0.00000E+00  8819   0.337E-07
   1 F= -.11509587E+02 E0= -.11509587E+02  d E =-.206718E-14  mag=    -0.0001
