       N       E                     dE             d eps       ncg     rms          rms(c)
DAV:   1    -0.530067916536E+01   -0.53007E+01   -0.33145E+03 41292   0.168E+02
DAV:   2    -0.108336595379E+02   -0.55330E+01   -0.55308E+01 61596   0.160E+01
DAV:   3    -0.108392274694E+02   -0.55679E-02   -0.55679E-02 41400   0.672E-01
DAV:   4    -0.108392305361E+02   -0.30667E-05   -0.30667E-05 81144   0.159E-02
DAV:   5    -0.108392305361E+02   -0.40927E-11   -0.42441E-11 41328   0.140E-05
RMM:   6    -0.108392305361E+02    0.00000E+00    0.00000E+00  6384   0.284E-07
   1 F= -.11300968E+02 E0= -.11300968E+02  d E =0.000000E+00  mag=    -0.0001
