       N       E                     dE             d eps       ncg     rms          rms(c)
DAV:   1     0.132502445662E+01    0.13250E+01   -0.64939E+02 22056   0.348E+02
RMM:   2    -0.475575956117E+01   -0.60808E+01   -0.60243E+01 21459   0.572E+01
RMM:   3    -0.408740583950E+01    0.66835E+00   -0.14872E+00 24470   0.980E+00
RMM:   4    -0.409523874189E+01   -0.78329E-02   -0.13385E-01 26681   0.243E+00
RMM:   5    -0.409460822071E+01    0.63052E-03   -0.49807E-03 25664   0.532E-01
RMM:   6    -0.409462929448E+01   -0.21074E-04   -0.48304E-04 22553   0.144E-01
RMM:   7    -0.409462914768E+01    0.14679E-06   -0.15536E-05 14723   0.251E-02
   1 F= -.40946291E+01 E0= -.40937034E+01  d E =-.185157E-02
